sprite1,0,0,4,4
sprite2,0,5,4,4
sprite3,5,0,4,4
sprite4,5,5,4,4
sprite5,0,10,4,4
sprite6,5,10,4,4
sprite7,10,0,4,4
sprite8,10,5,4,4
sprite9,10,10,4,4
sprite10,0,15,4,4
sprite11,5,15,4,4
sprite12,10,15,4,4
sprite13,15,0,4,4
sprite14,15,5,4,4
sprite15,15,10,4,4
sprite16,15,15,4,4
sprite17,0,20,4,4
sprite18,5,20,4,4
sprite19,10,20,4,4
sprite20,15,20,4,4
sprite21,20,0,4,4
sprite22,20,5,4,4
sprite23,20,10,4,4
sprite24,20,15,4,4
sprite25,20,20,4,4
sprite26,0,25,4,4
sprite27,5,25,4,4
sprite28,10,25,4,4
sprite29,15,25,4,4
sprite30,20,25,4,4
sprite31,25,0,4,4
sprite32,25,5,4,4
sprite33,25,10,4,4
sprite34,25,15,4,4
sprite35,25,20,4,4
sprite36,25,25,4,4
sprite37,0,30,4,4
sprite38,5,30,4,4
sprite39,10,30,4,4
sprite40,15,30,4,4
sprite41,20,30,4,4
sprite42,25,30,4,4
sprite43,30,0,4,4
sprite44,30,5,4,4
sprite45,30,10,4,4
sprite46,30,15,4,4
sprite47,30,20,4,4
sprite48,30,25,4,4
sprite49,30,30,4,4
sprite50,0,35,4,4
sprite51,5,35,4,4
sprite52,10,35,4,4
sprite53,15,35,4,4
sprite54,20,35,4,4
sprite55,25,35,4,4
sprite56,30,35,4,4
sprite57,35,0,4,4
sprite58,35,5,4,4
sprite59,35,10,4,4
sprite60,35,15,4,4
sprite61,35,20,4,4
sprite62,35,25,4,4
sprite63,35,30,4,4
sprite64,35,35,4,4
sprite65,0,40,4,4
sprite66,5,40,4,4
sprite67,10,40,4,4
sprite68,15,40,4,4
sprite69,20,40,4,4
sprite70,25,40,4,4
sprite71,30,40,4,4
sprite72,35,40,4,4
sprite73,40,0,4,4
sprite74,40,5,4,4
sprite75,40,10,4,4
sprite76,40,15,4,4
sprite77,40,20,4,4
sprite78,40,25,4,4
sprite79,40,30,4,4
sprite80,40,35,4,4
sprite81,40,40,4,4
sprite82,0,45,4,4
sprite83,5,45,4,4
sprite84,10,45,4,4
sprite85,15,45,4,4
sprite86,20,45,4,4
sprite87,25,45,4,4
sprite88,30,45,4,4
sprite89,35,45,4,4
sprite90,40,45,4,4
sprite91,45,0,4,4
sprite92,45,5,4,4
sprite93,45,10,4,4
sprite94,45,15,4,4
sprite95,45,20,4,4
sprite96,45,25,4,4
sprite97,45,30,4,4
sprite98,45,35,4,4
sprite99,45,40,4,4
sprite100,45,45,4,4
sprite101,0,50,4,4
sprite102,5,50,4,4
sprite103,10,50,4,4
sprite104,15,50,4,4
sprite105,20,50,4,4
sprite106,25,50,4,4
sprite107,30,50,4,4
sprite108,35,50,4,4
sprite109,40,50,4,4
sprite110,45,50,4,4
sprite111,50,0,4,4
sprite112,50,5,4,4
sprite113,50,10,4,4
sprite114,50,15,4,4
sprite115,50,20,4,4
sprite116,50,25,4,4
sprite117,50,30,4,4
sprite118,50,35,4,4
sprite119,50,40,4,4
sprite120,50,45,4,4
sprite121,50,50,4,4
sprite122,0,55,4,4
sprite123,5,55,4,4
sprite124,10,55,4,4
sprite125,15,55,4,4
sprite126,20,55,4,4
sprite127,25,55,4,4
sprite128,30,55,4,4
sprite129,35,55,4,4
sprite130,40,55,4,4
sprite131,45,55,4,4
sprite132,50,55,4,4
sprite133,55,0,4,4
sprite134,55,5,4,4
sprite135,55,10,4,4
sprite136,55,15,4,4
sprite137,55,20,4,4
sprite138,55,25,4,4
sprite139,55,30,4,4
sprite140,55,35,4,4
sprite141,55,40,4,4
sprite142,55,45,4,4
sprite143,55,50,4,4
sprite144,55,55,4,4
sprite145,0,60,4,4
sprite146,5,60,4,4
sprite147,10,60,4,4
sprite148,15,60,4,4
sprite149,20,60,4,4
sprite150,25,60,4,4
sprite151,30,60,4,4
sprite152,35,60,4,4
sprite153,40,60,4,4
sprite154,45,60,4,4
sprite155,50,60,4,4
sprite156,55,60,4,4
sprite157,60,0,4,4
sprite158,60,5,4,4
sprite159,60,10,4,4
sprite160,60,15,4,4
sprite161,60,20,4,4
sprite162,60,25,4,4
sprite163,60,30,4,4
sprite164,60,35,4,4
sprite165,60,40,4,4
sprite166,60,45,4,4
sprite167,60,50,4,4
sprite168,60,55,4,4
sprite169,60,60,4,4
sprite170,0,65,4,4
sprite171,5,65,4,4
sprite172,10,65,4,4
sprite173,15,65,4,4
sprite174,20,65,4,4
sprite175,25,65,4,4
sprite176,30,65,4,4
sprite177,35,65,4,4
sprite178,40,65,4,4
sprite179,45,65,4,4
sprite180,50,65,4,4
sprite181,55,65,4,4
sprite182,60,65,4,4
sprite183,65,0,4,4
sprite184,65,5,4,4
sprite185,65,10,4,4
sprite186,65,15,4,4
sprite187,65,20,4,4
sprite188,65,25,4,4
sprite189,65,30,4,4
sprite190,65,35,4,4
sprite191,65,40,4,4
sprite192,65,45,4,4
sprite193,65,50,4,4
sprite194,65,55,4,4
sprite195,65,60,4,4
sprite196,65,65,4,4
sprite197,0,70,4,4
sprite198,5,70,4,4
sprite199,10,70,4,4
sprite200,15,70,4,4
sprite201,20,70,4,4
sprite202,25,70,4,4
sprite203,30,70,4,4
sprite204,35,70,4,4
sprite205,40,70,4,4
sprite206,45,70,4,4
sprite207,50,70,4,4
sprite208,55,70,4,4
sprite209,60,70,4,4
sprite210,65,70,4,4
sprite211,70,0,4,4
sprite212,70,5,4,4
sprite213,70,10,4,4
sprite214,70,15,4,4
sprite215,70,20,4,4
sprite216,70,25,4,4
sprite217,70,30,4,4
sprite218,70,35,4,4
sprite219,70,40,4,4
sprite220,70,45,4,4
sprite221,70,50,4,4
sprite222,70,55,4,4
sprite223,70,60,4,4
sprite224,70,65,4,4
sprite225,70,70,4,4
sprite226,0,75,4,4
sprite227,5,75,4,4
sprite228,10,75,4,4
sprite229,15,75,4,4
sprite230,20,75,4,4
sprite231,25,75,4,4
sprite232,30,75,4,4
sprite233,35,75,4,4
sprite234,40,75,4,4
sprite235,45,75,4,4
sprite236,50,75,4,4
sprite237,55,75,4,4
sprite238,60,75,4,4
sprite239,65,75,4,4
sprite240,70,75,4,4
sprite241,75,0,4,4
sprite242,75,5,4,4
sprite243,75,10,4,4
sprite244,75,15,4,4
sprite245,75,20,4,4
sprite246,75,25,4,4
sprite247,75,30,4,4
sprite248,75,35,4,4
sprite249,75,40,4,4
sprite250,75,45,4,4
sprite251,75,50,4,4
sprite252,75,55,4,4
sprite253,75,60,4,4
sprite254,75,65,4,4
sprite255,75,70,4,4
sprite256,75,75,4,4
sprite257,0,80,4,4
sprite258,5,80,4,4
sprite259,10,80,4,4
sprite260,15,80,4,4
sprite261,20,80,4,4
sprite262,25,80,4,4
sprite263,30,80,4,4
sprite264,35,80,4,4
sprite265,40,80,4,4
sprite266,45,80,4,4
sprite267,50,80,4,4
sprite268,55,80,4,4
sprite269,60,80,4,4
sprite270,65,80,4,4
sprite271,70,80,4,4
sprite272,75,80,4,4
sprite273,80,0,4,4
sprite274,80,5,4,4
sprite275,80,10,4,4
sprite276,80,15,4,4
sprite277,80,20,4,4
sprite278,80,25,4,4
sprite279,80,30,4,4
sprite280,80,35,4,4
sprite281,80,40,4,4
sprite282,80,45,4,4
sprite283,80,50,4,4
sprite284,80,55,4,4
sprite285,80,60,4,4
sprite286,80,65,4,4
sprite287,80,70,4,4
sprite288,80,75,4,4
sprite289,80,80,4,4
sprite290,0,85,4,4
sprite291,5,85,4,4
sprite292,10,85,4,4
sprite293,15,85,4,4
sprite294,20,85,4,4
sprite295,25,85,4,4
sprite296,30,85,4,4
sprite297,35,85,4,4
sprite298,40,85,4,4
sprite299,45,85,4,4
sprite300,50,85,4,4
sprite301,55,85,4,4
sprite302,60,85,4,4
sprite303,65,85,4,4
sprite304,70,85,4,4
sprite305,75,85,4,4
sprite306,80,85,4,4
sprite307,85,0,4,4
sprite308,85,5,4,4
sprite309,85,10,4,4
sprite310,85,15,4,4
sprite311,85,20,4,4
sprite312,85,25,4,4
sprite313,85,30,4,4
sprite314,85,35,4,4
sprite315,85,40,4,4
sprite316,85,45,4,4
sprite317,85,50,4,4
sprite318,85,55,4,4
sprite319,85,60,4,4
sprite320,85,65,4,4
sprite321,85,70,4,4
sprite322,85,75,4,4
sprite323,85,80,4,4
sprite324,85,85,4,4
sprite325,0,90,4,4
sprite326,5,90,4,4
sprite327,10,90,4,4
sprite328,15,90,4,4
sprite329,20,90,4,4
sprite330,25,90,4,4
sprite331,30,90,4,4
sprite332,35,90,4,4
sprite333,40,90,4,4
sprite334,45,90,4,4
sprite335,50,90,4,4
sprite336,55,90,4,4
sprite337,60,90,4,4
sprite338,65,90,4,4
sprite339,70,90,4,4
sprite340,75,90,4,4
sprite341,80,90,4,4
sprite342,85,90,4,4
sprite343,90,0,4,4
sprite344,90,5,4,4
sprite345,90,10,4,4
sprite346,90,15,4,4
sprite347,90,20,4,4
sprite348,90,25,4,4
sprite349,90,30,4,4
sprite350,90,35,4,4
sprite351,90,40,4,4
sprite352,90,45,4,4
sprite353,90,50,4,4
sprite354,90,55,4,4
sprite355,90,60,4,4
sprite356,90,65,4,4
sprite357,90,70,4,4
sprite358,90,75,4,4
sprite359,90,80,4,4
sprite360,90,85,4,4
sprite361,90,90,4,4
sprite362,0,95,4,4
sprite363,5,95,4,4
sprite364,10,95,4,4
sprite365,15,95,4,4
sprite366,20,95,4,4
sprite367,25,95,4,4
sprite368,30,95,4,4
sprite369,35,95,4,4
sprite370,40,95,4,4
sprite371,45,95,4,4
sprite372,50,95,4,4
sprite373,55,95,4,4
sprite374,60,95,4,4
sprite375,65,95,4,4
sprite376,70,95,4,4
sprite377,75,95,4,4
sprite378,80,95,4,4
sprite379,85,95,4,4
sprite380,90,95,4,4
sprite381,95,0,4,4
sprite382,95,5,4,4
sprite383,95,10,4,4
sprite384,95,15,4,4
sprite385,95,20,4,4
sprite386,95,25,4,4
sprite387,95,30,4,4
sprite388,95,35,4,4
sprite389,95,40,4,4
sprite390,95,45,4,4
sprite391,95,50,4,4
sprite392,95,55,4,4
sprite393,95,60,4,4
sprite394,95,65,4,4
sprite395,95,70,4,4
sprite396,95,75,4,4
sprite397,95,80,4,4
sprite398,95,85,4,4
sprite399,95,90,4,4
sprite400,95,95,4,4
sprite401,0,100,4,4
sprite402,5,100,4,4
sprite403,10,100,4,4
sprite404,15,100,4,4
sprite405,20,100,4,4
sprite406,25,100,4,4
sprite407,30,100,4,4
sprite408,35,100,4,4
sprite409,40,100,4,4
sprite410,45,100,4,4
sprite411,50,100,4,4
sprite412,55,100,4,4
sprite413,60,100,4,4
sprite414,65,100,4,4
sprite415,70,100,4,4
sprite416,75,100,4,4
sprite417,80,100,4,4
sprite418,85,100,4,4
sprite419,90,100,4,4
sprite420,95,100,4,4
sprite421,100,0,4,4
sprite422,100,5,4,4
sprite423,100,10,4,4
sprite424,100,15,4,4
sprite425,100,20,4,4
sprite426,100,25,4,4
sprite427,100,30,4,4
sprite428,100,35,4,4
sprite429,100,40,4,4
sprite430,100,45,4,4
sprite431,100,50,4,4
sprite432,100,55,4,4
sprite433,100,60,4,4
sprite434,100,65,4,4
sprite435,100,70,4,4
sprite436,100,75,4,4
sprite437,100,80,4,4
sprite438,100,85,4,4
sprite439,100,90,4,4
sprite440,100,95,4,4
sprite441,100,100,4,4
sprite442,0,105,4,4
sprite443,5,105,4,4
sprite444,10,105,4,4
sprite445,15,105,4,4
sprite446,20,105,4,4
sprite447,25,105,4,4
sprite448,30,105,4,4
sprite449,35,105,4,4
sprite450,40,105,4,4
sprite451,45,105,4,4
sprite452,50,105,4,4
sprite453,55,105,4,4
sprite454,60,105,4,4
sprite455,65,105,4,4
sprite456,70,105,4,4
sprite457,75,105,4,4
sprite458,80,105,4,4
sprite459,85,105,4,4
sprite460,90,105,4,4
sprite461,95,105,4,4
sprite462,100,105,4,4
sprite463,105,0,4,4
sprite464,105,5,4,4
sprite465,105,10,4,4
sprite466,105,15,4,4
sprite467,105,20,4,4
sprite468,105,25,4,4
sprite469,105,30,4,4
sprite470,105,35,4,4
sprite471,105,40,4,4
sprite472,105,45,4,4
sprite473,105,50,4,4
sprite474,105,55,4,4
sprite475,105,60,4,4
sprite476,105,65,4,4
sprite477,105,70,4,4
sprite478,105,75,4,4
sprite479,105,80,4,4
sprite480,105,85,4,4
sprite481,105,90,4,4
sprite482,105,95,4,4
sprite483,105,100,4,4
sprite484,105,105,4,4
sprite485,0,110,4,4
sprite486,5,110,4,4
sprite487,10,110,4,4
sprite488,15,110,4,4
sprite489,20,110,4,4
sprite490,25,110,4,4
sprite491,30,110,4,4
sprite492,35,110,4,4
sprite493,40,110,4,4
sprite494,45,110,4,4
sprite495,50,110,4,4
sprite496,55,110,4,4
sprite497,60,110,4,4
sprite498,65,110,4,4
sprite499,70,110,4,4
sprite500,75,110,4,4
sprite501,80,110,4,4
sprite502,85,110,4,4
sprite503,90,110,4,4
sprite504,95,110,4,4
sprite505,100,110,4,4
sprite506,105,110,4,4
sprite507,110,0,4,4
sprite508,110,5,4,4
sprite509,110,10,4,4
sprite510,110,15,4,4
sprite511,110,20,4,4
sprite512,110,25,4,4
sprite513,110,30,4,4
sprite514,110,35,4,4
sprite515,110,40,4,4
sprite516,110,45,4,4
sprite517,110,50,4,4
sprite518,110,55,4,4
sprite519,110,60,4,4
sprite520,110,65,4,4
sprite521,110,70,4,4
sprite522,110,75,4,4
sprite523,110,80,4,4
sprite524,110,85,4,4
sprite525,110,90,4,4
sprite526,110,95,4,4
sprite527,110,100,4,4
sprite528,110,105,4,4
sprite529,110,110,4,4
sprite530,0,115,4,4
sprite531,5,115,4,4
sprite532,10,115,4,4
sprite533,15,115,4,4
sprite534,20,115,4,4
sprite535,25,115,4,4
sprite536,30,115,4,4
sprite537,35,115,4,4
sprite538,40,115,4,4
sprite539,45,115,4,4
sprite540,50,115,4,4
sprite541,55,115,4,4
sprite542,60,115,4,4
sprite543,65,115,4,4
sprite544,70,115,4,4
sprite545,75,115,4,4
sprite546,80,115,4,4
sprite547,85,115,4,4
sprite548,90,115,4,4
sprite549,95,115,4,4
sprite550,100,115,4,4
sprite551,105,115,4,4
sprite552,110,115,4,4
sprite553,115,0,4,4
sprite554,115,5,4,4
sprite555,115,10,4,4
sprite556,115,15,4,4
sprite557,115,20,4,4
sprite558,115,25,4,4
sprite559,115,30,4,4
sprite560,115,35,4,4
sprite561,115,40,4,4
sprite562,115,45,4,4
sprite563,115,50,4,4
sprite564,115,55,4,4
sprite565,115,60,4,4
sprite566,115,65,4,4
sprite567,115,70,4,4
sprite568,115,75,4,4
sprite569,115,80,4,4
sprite570,115,85,4,4
sprite571,115,90,4,4
sprite572,115,95,4,4
sprite573,115,100,4,4
sprite574,115,105,4,4
sprite575,115,110,4,4
sprite576,115,115,4,4
sprite577,0,120,4,4
sprite578,5,120,4,4
sprite579,10,120,4,4
sprite580,15,120,4,4
sprite581,20,120,4,4
sprite582,25,120,4,4
sprite583,30,120,4,4
sprite584,35,120,4,4
sprite585,40,120,4,4
sprite586,45,120,4,4
sprite587,50,120,4,4
sprite588,55,120,4,4
sprite589,60,120,4,4
sprite590,65,120,4,4
sprite591,70,120,4,4
sprite592,75,120,4,4
sprite593,80,120,4,4
sprite594,85,120,4,4
sprite595,90,120,4,4
sprite596,95,120,4,4
sprite597,100,120,4,4
sprite598,105,120,4,4
sprite599,110,120,4,4
sprite600,115,120,4,4
sprite601,120,0,4,4
sprite602,120,5,4,4
sprite603,120,10,4,4
sprite604,120,15,4,4
sprite605,120,20,4,4
sprite606,120,25,4,4
sprite607,120,30,4,4
sprite608,120,35,4,4
sprite609,120,40,4,4
sprite610,120,45,4,4
sprite611,120,50,4,4
sprite612,120,55,4,4
sprite613,120,60,4,4
sprite614,120,65,4,4
sprite615,120,70,4,4
sprite616,120,75,4,4
sprite617,120,80,4,4
sprite618,120,85,4,4
sprite619,120,90,4,4
sprite620,120,95,4,4
sprite621,120,100,4,4
sprite622,120,105,4,4
sprite623,120,110,4,4
sprite624,120,115,4,4
sprite625,120,120,4,4
sprite626,0,125,4,4
sprite627,5,125,4,4
sprite628,10,125,4,4
sprite629,15,125,4,4
sprite630,20,125,4,4
sprite631,25,125,4,4
sprite632,30,125,4,4
sprite633,35,125,4,4
sprite634,40,125,4,4
sprite635,45,125,4,4
sprite636,50,125,4,4
sprite637,55,125,4,4
sprite638,60,125,4,4
sprite639,65,125,4,4
sprite640,70,125,4,4
sprite641,75,125,4,4
sprite642,80,125,4,4
sprite643,85,125,4,4
sprite644,90,125,4,4
sprite645,95,125,4,4
sprite646,100,125,4,4
sprite647,105,125,4,4
sprite648,110,125,4,4
sprite649,115,125,4,4
sprite650,120,125,4,4
sprite651,125,0,4,4
sprite652,125,5,4,4
sprite653,125,10,4,4
sprite654,125,15,4,4
sprite655,125,20,4,4
sprite656,125,25,4,4
sprite657,125,30,4,4
sprite658,125,35,4,4
sprite659,125,40,4,4
sprite660,125,45,4,4
sprite661,125,50,4,4
sprite662,125,55,4,4
sprite663,125,60,4,4
sprite664,125,65,4,4
sprite665,125,70,4,4
sprite666,125,75,4,4
sprite667,125,80,4,4
sprite668,125,85,4,4
sprite669,125,90,4,4
sprite670,125,95,4,4
sprite671,125,100,4,4
sprite672,125,105,4,4
sprite673,125,110,4,4
sprite674,125,115,4,4
sprite675,125,120,4,4
sprite676,125,125,4,4
sprite677,0,130,4,4
sprite678,5,130,4,4
sprite679,10,130,4,4
sprite680,15,130,4,4
sprite681,20,130,4,4
sprite682,25,130,4,4
sprite683,30,130,4,4
sprite684,35,130,4,4
sprite685,40,130,4,4
sprite686,45,130,4,4
sprite687,50,130,4,4
sprite688,55,130,4,4
sprite689,60,130,4,4
sprite690,65,130,4,4
sprite691,70,130,4,4
sprite692,75,130,4,4
sprite693,80,130,4,4
sprite694,85,130,4,4
sprite695,90,130,4,4
sprite696,95,130,4,4
sprite697,100,130,4,4
sprite698,105,130,4,4
sprite699,110,130,4,4
sprite700,115,130,4,4
sprite701,120,130,4,4
sprite702,125,130,4,4
sprite703,130,0,4,4
sprite704,130,5,4,4
sprite705,130,10,4,4
sprite706,130,15,4,4
sprite707,130,20,4,4
sprite708,130,25,4,4
sprite709,130,30,4,4
sprite710,130,35,4,4
sprite711,130,40,4,4
sprite712,130,45,4,4
sprite713,130,50,4,4
sprite714,130,55,4,4
sprite715,130,60,4,4
sprite716,130,65,4,4
sprite717,130,70,4,4
sprite718,130,75,4,4
sprite719,130,80,4,4
sprite720,130,85,4,4
sprite721,130,90,4,4
sprite722,130,95,4,4
sprite723,130,100,4,4
sprite724,130,105,4,4
sprite725,130,110,4,4
sprite726,130,115,4,4
sprite727,130,120,4,4
sprite728,130,125,4,4
sprite729,130,130,4,4
sprite730,0,135,4,4
sprite731,5,135,4,4
sprite732,10,135,4,4
sprite733,15,135,4,4
sprite734,20,135,4,4
sprite735,25,135,4,4
sprite736,30,135,4,4
sprite737,35,135,4,4
sprite738,40,135,4,4
sprite739,45,135,4,4
sprite740,50,135,4,4
sprite741,55,135,4,4
sprite742,60,135,4,4
sprite743,65,135,4,4
sprite744,70,135,4,4
sprite745,75,135,4,4
sprite746,80,135,4,4
sprite747,85,135,4,4
sprite748,90,135,4,4
sprite749,95,135,4,4
sprite750,100,135,4,4
sprite751,105,135,4,4
sprite752,110,135,4,4
sprite753,115,135,4,4
sprite754,120,135,4,4
sprite755,125,135,4,4
sprite756,130,135,4,4
sprite757,135,0,4,4
sprite758,135,5,4,4
sprite759,135,10,4,4
sprite760,135,15,4,4
sprite761,135,20,4,4
sprite762,135,25,4,4
sprite763,135,30,4,4
sprite764,135,35,4,4
sprite765,135,40,4,4
sprite766,135,45,4,4
sprite767,135,50,4,4
sprite768,135,55,4,4
sprite769,135,60,4,4
sprite770,135,65,4,4
sprite771,135,70,4,4
sprite772,135,75,4,4
sprite773,135,80,4,4
sprite774,135,85,4,4
sprite775,135,90,4,4
sprite776,135,95,4,4
sprite777,135,100,4,4
sprite778,135,105,4,4
sprite779,135,110,4,4
sprite780,135,115,4,4
sprite781,135,120,4,4
sprite782,135,125,4,4
sprite783,135,130,4,4
sprite784,135,135,4,4
sprite785,0,140,4,4
sprite786,5,140,4,4
sprite787,10,140,4,4
sprite788,15,140,4,4
sprite789,20,140,4,4
sprite790,25,140,4,4
sprite791,30,140,4,4
sprite792,35,140,4,4
sprite793,40,140,4,4
sprite794,45,140,4,4
sprite795,50,140,4,4
sprite796,55,140,4,4
sprite797,60,140,4,4
sprite798,65,140,4,4
sprite799,70,140,4,4
sprite800,75,140,4,4
sprite801,80,140,4,4
sprite802,85,140,4,4
sprite803,90,140,4,4
sprite804,95,140,4,4
sprite805,100,140,4,4
sprite806,105,140,4,4
sprite807,110,140,4,4
sprite808,115,140,4,4
sprite809,120,140,4,4
sprite810,125,140,4,4
sprite811,130,140,4,4
sprite812,135,140,4,4
sprite813,140,0,4,4
sprite814,140,5,4,4
sprite815,140,10,4,4
sprite816,140,15,4,4
sprite817,140,20,4,4
sprite818,140,25,4,4
sprite819,140,30,4,4
sprite820,140,35,4,4
sprite821,140,40,4,4
sprite822,140,45,4,4
sprite823,140,50,4,4
sprite824,140,55,4,4
sprite825,140,60,4,4
sprite826,140,65,4,4
sprite827,140,70,4,4
sprite828,140,75,4,4
sprite829,140,80,4,4
sprite830,140,85,4,4
sprite831,140,90,4,4
sprite832,140,95,4,4
sprite833,140,100,4,4
sprite834,140,105,4,4
sprite835,140,110,4,4
sprite836,140,115,4,4
sprite837,140,120,4,4
sprite838,140,125,4,4
sprite839,140,130,4,4
sprite840,140,135,4,4
sprite841,140,140,4,4
sprite842,0,145,4,4
sprite843,5,145,4,4
sprite844,10,145,4,4
sprite845,15,145,4,4
sprite846,20,145,4,4
sprite847,25,145,4,4
sprite848,30,145,4,4
sprite849,35,145,4,4
sprite850,40,145,4,4
sprite851,45,145,4,4
sprite852,50,145,4,4
sprite853,55,145,4,4
sprite854,60,145,4,4
sprite855,65,145,4,4
sprite856,70,145,4,4
sprite857,75,145,4,4
sprite858,80,145,4,4
sprite859,85,145,4,4
sprite860,90,145,4,4
sprite861,95,145,4,4
sprite862,100,145,4,4
sprite863,105,145,4,4
sprite864,110,145,4,4
sprite865,115,145,4,4
sprite866,120,145,4,4
sprite867,125,145,4,4
sprite868,130,145,4,4
sprite869,135,145,4,4
sprite870,140,145,4,4
sprite871,145,0,4,4
sprite872,145,5,4,4
sprite873,145,10,4,4
sprite874,145,15,4,4
sprite875,145,20,4,4
sprite876,145,25,4,4
sprite877,145,30,4,4
sprite878,145,35,4,4
sprite879,145,40,4,4
sprite880,145,45,4,4
sprite881,145,50,4,4
sprite882,145,55,4,4
sprite883,145,60,4,4
sprite884,145,65,4,4
sprite885,145,70,4,4
sprite886,145,75,4,4
sprite887,145,80,4,4
sprite888,145,85,4,4
sprite889,145,90,4,4
sprite890,145,95,4,4
sprite891,145,100,4,4